20
3 5 3 14 19 7 3 16 2 9 12 13 15 2 11 19 17 13 6 13
7 8 11 2 3 2 13 8 16 18 10 9 18 12 19 1 18 6 19 4
5 19 2 13 5 9 18 1 17 4 5 20 1 6 12 5 15 1 11 1
13 9 19 8 14 12 1 17 1 2 1 6 19 3 19 15 19 4 1 11
17 5 16 13 10 5 15 5 8 18 9 12 14 12 6 13 1 12 3 18
19 1 15 5 6 20 4 11 4 10 6 2 15 9 6 18 6 17 6 8
19 13 9 19 15 5 17 8 5 7 4 5 3 19 18 5 6 5 10 16
3 7 13 12 11 8 5 7 6 14 11 17 1 11 2 4 11 15 7 9
9 15 6 16 18 3 20 13 6 5 19 9 20 7 20 2 8 9 4 20
20 12 4 8 17 19 3 19 18 19 5 7 2 19 15 8 10 16 8 12
7 2 13 10 7 4 15 20 15 3 8 16 15 17 13 11 13 19 15 14
12 10 1 15 2 15 19 15 20 17 15 4 11 8 16 15 9 10 5 15
14 16 19 2 14 6 14 10 3 17 13 8 7 14 9 20 14 18 17 15
15 3 15 4 16 10 20 5 15 6 11 15 13 14 15 8 19 10 18 15
4 5 8 15 1 13 5 12 19 16 20 18 15 5 3 20 2 10 19 6
7 20 7 6 7 16 1 7 11 7 15 7 8 2 7 17 7 5 9 7
8 4 17 5 13 7 10 19 9 18 9 3 9 15 7 16 5 20 12 9
5 11 12 3 11 17 16 8 13 8 2 8 6 8 19 11 4 8 7 1
1 12 8 9 8 18 6 15 2 11 6 14 8 16 8 7 2 3 2 19
3 17 20 19 9 13 2 3 7 13 18 10 12 11 10 3 16 13 15 10